637832.12 	9233524.43 	24  	14.3969 
663404.05 	9230887.17 	47      18.7538 
672826.09 	9227840.52 	225 	20.4636 
716515.83 	9243720.59 	1303 	30.9577 
704103.18 	9313254.00 	13  	37.1075 
685530.76 	9301381.24 	45  	32.1874 
626149.27 	9321631.57 	54  	29.8686 
610679.32 	9341758.86 	6       33.8572 
572069.29 	9354831.95 	7   	37.2062 
548069.44 	9319709.03 	279 	31.0471 
529521.76 	9397735.04 	4   	49.5118 
448850.75 	9419854.84 	1090 	62.9535 
538002.47 	9257238.94 	95   	20.7673 
591398.14 	9298007.77 	7   	23.8196 
622310.20 	9302623.36 	249 	25.4868 
641858.34 	9295866.68 	66  	25.5319 
641645.15 	9148191.79 	1   	86.2979 
821353.91 	9197731.98 	829 	53.8889
	